"Time","JIT","AOT"
2024-04-30 23:50:00,,
2024-04-30 23:50:01,,
2024-04-30 23:50:02,,
2024-04-30 23:50:03,,
2024-04-30 23:50:04,,
2024-04-30 23:50:05,,
2024-04-30 23:50:06,,
2024-04-30 23:50:07,,
2024-04-30 23:50:08,,
2024-04-30 23:50:09,,
2024-04-30 23:50:10,,
2024-04-30 23:50:11,,
2024-04-30 23:50:12,,
2024-04-30 23:50:13,,
2024-04-30 23:50:14,,
2024-04-30 23:50:15,,
2024-04-30 23:50:16,,
2024-04-30 23:50:17,,
2024-04-30 23:50:18,,
2024-04-30 23:50:19,,
2024-04-30 23:50:20,,
2024-04-30 23:50:21,,
2024-04-30 23:50:22,,
2024-04-30 23:50:23,,
2024-04-30 23:50:24,,
2024-04-30 23:50:25,,
2024-04-30 23:50:26,,
2024-04-30 23:50:27,,
2024-04-30 23:50:28,,
2024-04-30 23:50:29,,
2024-04-30 23:50:30,,
2024-04-30 23:50:31,,
2024-04-30 23:50:32,,
2024-04-30 23:50:33,,
2024-04-30 23:50:34,,
2024-04-30 23:50:35,,
2024-04-30 23:50:36,,
2024-04-30 23:50:37,,
2024-04-30 23:50:38,,
2024-04-30 23:50:39,,
2024-04-30 23:50:40,,
2024-04-30 23:50:41,,
2024-04-30 23:50:42,,
2024-04-30 23:50:43,834 ms,
2024-04-30 23:50:44,,
2024-04-30 23:50:45,1.07 s,
2024-04-30 23:50:46,1.11 s,
2024-04-30 23:50:47,,
2024-04-30 23:50:48,,
2024-04-30 23:50:49,2.51 s,
2024-04-30 23:50:50,,
2024-04-30 23:50:51,,
2024-04-30 23:50:52,5.19 s,
2024-04-30 23:50:53,6.31 s,
2024-04-30 23:50:54,,
2024-04-30 23:50:55,,
2024-04-30 23:50:56,6.99 s,
2024-04-30 23:50:57,,
2024-04-30 23:50:58,7.68 s,
2024-04-30 23:50:59,,
2024-04-30 23:51:00,,
2024-04-30 23:51:01,,
2024-04-30 23:51:02,8.74 s,
2024-04-30 23:51:03,9.80 s,
2024-04-30 23:51:04,,
2024-04-30 23:51:05,11.0 s,
2024-04-30 23:51:06,9.22 s,
2024-04-30 23:51:07,8.52 s,
2024-04-30 23:51:08,,
2024-04-30 23:51:09,,
2024-04-30 23:51:10,,
2024-04-30 23:51:11,,761 ms
2024-04-30 23:51:12,,
2024-04-30 23:51:13,,923 ms
2024-04-30 23:51:14,,904 ms
2024-04-30 23:51:15,,808 ms
2024-04-30 23:51:16,,
2024-04-30 23:51:17,,1.97 s
2024-04-30 23:51:18,,
2024-04-30 23:51:19,,
2024-04-30 23:51:20,,
2024-04-30 23:51:21,,5.87 s
2024-04-30 23:51:22,,
2024-04-30 23:51:23,,6.88 s
2024-04-30 23:51:24,,
2024-04-30 23:51:25,,
2024-04-30 23:51:26,,
2024-04-30 23:51:27,,9.70 s
2024-04-30 23:51:28,,
2024-04-30 23:51:29,,
2024-04-30 23:51:30,,
2024-04-30 23:51:31,,12.0 s
2024-04-30 23:51:32,,
2024-04-30 23:51:33,,
2024-04-30 23:51:34,,
2024-04-30 23:51:35,,12.8 s
2024-04-30 23:51:36,,
2024-04-30 23:51:37,,11.2 s
2024-04-30 23:51:38,,
2024-04-30 23:51:39,,
2024-04-30 23:51:40,,
2024-04-30 23:51:41,,
2024-04-30 23:51:42,,
2024-04-30 23:51:43,,
2024-04-30 23:51:44,,
2024-04-30 23:51:45,,
2024-04-30 23:51:46,,
2024-04-30 23:51:47,,
2024-04-30 23:51:48,,
2024-04-30 23:51:49,,
2024-04-30 23:51:50,,
2024-04-30 23:51:51,,
2024-04-30 23:51:52,,
2024-04-30 23:51:53,,
2024-04-30 23:51:54,,
2024-04-30 23:51:55,,
2024-04-30 23:51:56,,
2024-04-30 23:51:57,,
2024-04-30 23:51:58,,
2024-04-30 23:51:59,,
2024-04-30 23:52:00,,
2024-04-30 23:52:01,,
2024-04-30 23:52:02,,
2024-04-30 23:52:03,,
2024-04-30 23:52:04,,
2024-04-30 23:52:05,,
2024-04-30 23:52:06,,
2024-04-30 23:52:07,,
2024-04-30 23:52:08,,
2024-04-30 23:52:09,,
2024-04-30 23:52:10,,
2024-04-30 23:52:11,,
2024-04-30 23:52:12,,
2024-04-30 23:52:13,,
2024-04-30 23:52:14,,
2024-04-30 23:52:15,,
2024-04-30 23:52:16,,
2024-04-30 23:52:17,,
2024-04-30 23:52:18,,
2024-04-30 23:52:19,,
2024-04-30 23:52:20,,
2024-04-30 23:52:21,,
2024-04-30 23:52:22,,
2024-04-30 23:52:23,,
2024-04-30 23:52:24,,
2024-04-30 23:52:25,,
2024-04-30 23:52:26,,
2024-04-30 23:52:27,,
2024-04-30 23:52:28,,
2024-04-30 23:52:29,,
2024-04-30 23:52:30,,
2024-04-30 23:52:31,,
2024-04-30 23:52:32,,
2024-04-30 23:52:33,,
2024-04-30 23:52:34,,
2024-04-30 23:52:35,,
2024-04-30 23:52:36,,
2024-04-30 23:52:37,,
2024-04-30 23:52:38,,
2024-04-30 23:52:39,,
2024-04-30 23:52:40,,
2024-04-30 23:52:41,,
2024-04-30 23:52:42,,
2024-04-30 23:52:43,,
2024-04-30 23:52:44,,
2024-04-30 23:52:45,,
2024-04-30 23:52:46,,
2024-04-30 23:52:47,,
2024-04-30 23:52:48,,
2024-04-30 23:52:49,,
2024-04-30 23:52:50,,
2024-04-30 23:52:51,,
2024-04-30 23:52:52,,
2024-04-30 23:52:53,,
2024-04-30 23:52:54,,
2024-04-30 23:52:55,,
2024-04-30 23:52:56,,
2024-04-30 23:52:57,,
2024-04-30 23:52:58,,
2024-04-30 23:52:59,,
2024-04-30 23:53:00,,
2024-04-30 23:53:01,,
2024-04-30 23:53:02,,
2024-04-30 23:53:03,,
2024-04-30 23:53:04,,
2024-04-30 23:53:05,,
2024-04-30 23:53:06,,
2024-04-30 23:53:07,,
2024-04-30 23:53:08,,
2024-04-30 23:53:09,,
2024-04-30 23:53:10,,
2024-04-30 23:53:11,,
2024-04-30 23:53:12,,
2024-04-30 23:53:13,,
2024-04-30 23:53:14,,
2024-04-30 23:53:15,,
2024-04-30 23:53:16,,
2024-04-30 23:53:17,,
2024-04-30 23:53:18,,
2024-04-30 23:53:19,,
2024-04-30 23:53:20,,
2024-04-30 23:53:21,,
2024-04-30 23:53:22,,
2024-04-30 23:53:23,,
2024-04-30 23:53:24,,
2024-04-30 23:53:25,,
2024-04-30 23:53:26,,
2024-04-30 23:53:27,,
2024-04-30 23:53:28,,
2024-04-30 23:53:29,,
2024-04-30 23:53:30,,
2024-04-30 23:53:31,,
2024-04-30 23:53:32,,
2024-04-30 23:53:33,,
2024-04-30 23:53:34,,
2024-04-30 23:53:35,,
2024-04-30 23:53:36,,
2024-04-30 23:53:37,,
2024-04-30 23:53:38,,
2024-04-30 23:53:39,,
2024-04-30 23:53:40,,
2024-04-30 23:53:41,,
2024-04-30 23:53:42,,
2024-04-30 23:53:43,,
2024-04-30 23:53:44,,
2024-04-30 23:53:45,,
2024-04-30 23:53:46,,
2024-04-30 23:53:47,,
2024-04-30 23:53:48,,
2024-04-30 23:53:49,,
2024-04-30 23:53:50,,
2024-04-30 23:53:51,,
2024-04-30 23:53:52,,
2024-04-30 23:53:53,,
2024-04-30 23:53:54,,
2024-04-30 23:53:55,,
2024-04-30 23:53:56,,
2024-04-30 23:53:57,,
2024-04-30 23:53:58,,
2024-04-30 23:53:59,,
2024-04-30 23:54:00,,
2024-04-30 23:54:01,,
2024-04-30 23:54:02,,
2024-04-30 23:54:03,,
2024-04-30 23:54:04,,
2024-04-30 23:54:05,,
2024-04-30 23:54:06,,
2024-04-30 23:54:07,,
2024-04-30 23:54:08,,
2024-04-30 23:54:09,,
2024-04-30 23:54:10,,
2024-04-30 23:54:11,,
2024-04-30 23:54:12,,
2024-04-30 23:54:13,,
2024-04-30 23:54:14,,
2024-04-30 23:54:15,,
2024-04-30 23:54:16,,
2024-04-30 23:54:17,,
2024-04-30 23:54:18,,
2024-04-30 23:54:19,,
2024-04-30 23:54:20,,
2024-04-30 23:54:21,,
2024-04-30 23:54:22,,
2024-04-30 23:54:23,,
2024-04-30 23:54:24,,
2024-04-30 23:54:25,,
2024-04-30 23:54:26,,
2024-04-30 23:54:27,,
2024-04-30 23:54:28,,
2024-04-30 23:54:29,,
2024-04-30 23:54:30,,
2024-04-30 23:54:31,,
2024-04-30 23:54:32,,
2024-04-30 23:54:33,,
2024-04-30 23:54:34,,
2024-04-30 23:54:35,,
2024-04-30 23:54:36,,
2024-04-30 23:54:37,,
2024-04-30 23:54:38,,
2024-04-30 23:54:39,,
2024-04-30 23:54:40,,
2024-04-30 23:54:41,,
2024-04-30 23:54:42,,
2024-04-30 23:54:43,,
2024-04-30 23:54:44,,
2024-04-30 23:54:45,,
2024-04-30 23:54:46,,
2024-04-30 23:54:47,,
2024-04-30 23:54:48,,
2024-04-30 23:54:49,,
2024-04-30 23:54:50,,
2024-04-30 23:54:51,,
2024-04-30 23:54:52,,
2024-04-30 23:54:53,,
2024-04-30 23:54:54,,
2024-04-30 23:54:55,,
2024-04-30 23:54:56,,
2024-04-30 23:54:57,,
2024-04-30 23:54:58,,
2024-04-30 23:54:59,,
2024-04-30 23:55:00,,
2024-04-30 23:55:01,,
2024-04-30 23:55:02,,
2024-04-30 23:55:03,,
2024-04-30 23:55:04,,
2024-04-30 23:55:05,,
2024-04-30 23:55:06,,
2024-04-30 23:55:07,,
2024-04-30 23:55:08,,
2024-04-30 23:55:09,,
2024-04-30 23:55:10,,
2024-04-30 23:55:11,,
2024-04-30 23:55:12,,
2024-04-30 23:55:13,,
2024-04-30 23:55:14,,
2024-04-30 23:55:15,,
2024-04-30 23:55:16,,
2024-04-30 23:55:17,,
2024-04-30 23:55:18,,
2024-04-30 23:55:19,,
2024-04-30 23:55:20,,
2024-04-30 23:55:21,,
2024-04-30 23:55:22,,
2024-04-30 23:55:23,,
2024-04-30 23:55:24,,
2024-04-30 23:55:25,,
2024-04-30 23:55:26,,
2024-04-30 23:55:27,,
2024-04-30 23:55:28,,
2024-04-30 23:55:29,,
2024-04-30 23:55:30,,